# Nota: C-Order, 1 refers to the Y axis, 2 to the X axis 
# Calibration done at Tue Jun  7 13:35:44 2022
poni_version: 2
Detector: Detector
Detector_config: {"pixel1": 5.4999999999999995e-05, "pixel2": 5.4999999999999995e-05, "max_shape": null}
Distance: 0.6303647289335299
Poni1: 0.04303168798964483
Poni2: 0.00279725304814704
Rot1: -0.00664416
Rot2: -0.416569
Rot3: -2.93e-06
Wavelength: 4.244430000000001e-11
