# Nota: C-Order, 1 refers to the Y axis, 2 to the X axis 
# Calibration done at Tue Jun  7 13:28:54 2022
poni_version: 2
Detector: Detector
Detector_config: {"pixel1": 5.4999999999999995e-05, "pixel2": 5.4999999999999995e-05, "max_shape": null}
Distance: 0.630988497
Poni1: 0.04400151070850049
Poni2: 0.0037464562529461085
Rot1: -0.005824271430801664
Rot2: -0.199174
Rot3: -0.00010052064985936568
Wavelength: 4.244430000000001e-11
